Multiple size <= 100
TEST 1 ARG:25 0 19 59 49 78 87 68 44 84 83 54 71 10 82 93 81 16 77 17 51 7 89 52 15 57 42 63 6 47 31 29 98 76 24 9 58 35 12 30 74 65 48 3 90 56 38 28 73 85 21 64 86 69 13 5 50 22 23 95 91 61 60 11 53 20 41 4 62 97 70 92 14 45 96 26 2 39 36 99 18 79 75 37 34 94 40 55 72 1 67 32 80 88 27 8 66 33 46 43
TEST 2 ARG:1 68 51 81 97 96 76 93 54 77 22 98 53 64 10 2 62 61 4 13 26 46 0 3 14 70 43 41 63 92 28 74 40 30 49 38 65 94 52 32 75 29 37 84 5 6 95 67 20 59 58 25 86 45 47 23 16 57 80 91 89 34 33 44 66 17 87 9 11 24 48 36 8 27 82 99 42 72 85 21 12 88 19 73 7 31 83 55 56 60 50 15 39 78 90 18 35 79 69 71
TEST 3 ARG:68 29 8 76 15 37 26 74 94 50 41 83 85 23 7 97 65 42 93 21 17 66 53 90 27 99 95 81 31 69 51 57 44 40 71 96 67 82 34 59 25 84 70 46 73 2 56 13 1 18 30 14 9 43 91 4 33 89 22 54 98 20 47 61 16 12 32 11 6 58 78 92 75 79 36 39 0 24 10 52 5 35 63 64 55 62 88 45 72 19 86 28 3 87 80 60 49 48 77 38
TEST 4 ARG:26 69 72 6 87 7 36 63 34 85 76 8 13 46 62 59 43 61 32 98 52 67 66 99 11 64 70 89 93 2 53 48 86 22 25 42 73 71 92 83 40 30 0 78 60 23 74 33 90 95 54 16 27 44 58 94 21 75 41 9 56 45 96 97 37 15 20 88 80 17 39 28 51 18 29 49 91 55 81 4 19 5 65 24 38 10 14 47 82 1 3 57 12 79 84 31 35 68 77 50
TEST 5 ARG:15 85 57 73 74 12 49 94 56 22 46 19 37 18 81 48 89 42 93 61 7 50 55 27 77 84 8 96 33 13 75 67 95 41 40 30 64 79 71 14 69 62 16 66 35 99 5 32 78 38 3 0 88 1 65 45 86 83 68 63 59 17 76 91 20 52 47 31 43 92 58 25 72 36 70 11 24 34 97 54 2 9 82 51 28 29 60 39 23 21 53 44 26 10 90 98 4 80 87 6
TEST 6 ARG:58 87 15 83 1 46 30 4 28 37 3 95 2 49 47 39 29 13 35 57 79 64 7 62 75 36 69 56 31 84 81 90 88 80 6 21 66 19 97 38 65 52 50 10 89 40 51 48 85 72 63 16 60 18 68 24 94 32 20 8 42 93 41 45 71 33 77 34 59 55 12 23 26 96 11 0 43 25 98 9 17 74 86 22 76 67 99 73 53 5 44 14 61 91 54 82 92 78 27 70
TEST 7 ARG:81 4 54 36 52 35 49 76 85 96 31 17 98 51 83 44 46 13 37 59 62 91 28 45 79 34 82 86 12 48 32 65 8 97 66 38 88 0 15 64 41 11 57 84 68 30 9 78 61 90 67 63 5 40 53 29 33 10 39 25 20 6 16 74 47 27 1 2 92 18 72 89 71 87 70 23 73 21 24 69 80 95 93 42 58 43 60 50 26 75 77 22 99 7 14 19 3 56 55 94
TEST 8 ARG:33 60 2 44 4 12 21 42 87 98 7 34 63 59 0 67 72 48 85 94 91 52 3 64 83 74 82 46 30 81 69 8 11 43 15 20 23 31 58 62 79 71 39 86 53 76 6 99 9 49 97 17 16 61 10 78 5 95 56 73 96 41 36 66 26 28 37 38 90 55 80 27 14 70 77 35 84 24 89 22 19 57 65 47 88 13 50 1 25 29 54 92 68 40 51 93 75 32 18 45
TEST 9 ARG:87 59 76 20 29 67 90 5 69 80 39 85 57 0 22 13 31 35 18 10 32 61 62 30 7 74 63 34 21 98 1 92 28 84 55 89 91 42 8 88 97 96 86 9 36 93 60 26 11 27 68 19 79 64 41 17 44 2 81 72 75 40 14 45 48 47 49 77 12 52 16 38 58 4 71 83 54 50 46 95 23 94 99 25 24 82 66 65 78 43 37 33 53 56 51 3 70 6 15 73
TEST 10 ARG:77 26 23 16 86 82 68 64 55 46 87 31 69 96 32 6 43 60 12 10 79 17 63 33 22 7 89 11 44 36 29 53 39 34 21 73 13 71 95 35 4 18 28 19 65 24 92 1 51 59 20 84 76 27 5 47 62 14 90 54 37 0 75 49 40 30 2 61 74 48 70 45 50 83 85 58 72 94 80 41 78 91 98 93 57 88 56 67 15 38 9 52 42 25 81 99 8 66 3 97
TEST 11 ARG:25 69 12 58 81 0 22 85 62 15 56 92 40 60 76 54 27 98 87 37 57 61 16 4 10 94 53 9 39 72 74 65 95 43 97 24 32 47 70 91 14 21 84 23 93 46 88 99 41 5 89 17 1 51 30 35 79 34 50 77 86 20 80 71 48 44 42 29 82 31 45 59 64 2 90 75 55 36 13 63 78 49 6 3 18 96 73 66 8 26 28 52 68 11 67 7 38 33 83 19
TEST 12 ARG:56 86 72 53 60 64 37 26 10 18 21 48 77 62 47 1 8 23 80 55 28 3 6 0 39 11 84 68 9 2 42 58 96 69 85 16 43 24 89 61 14 66 35 79 5 90 45 65 76 13 29 99 81 63 22 75 93 17 27 73 52 78 98 25 71 91 94 41 59 30 87 40 49 88 51 20 67 34 33 32 70 82 74 97 57 83 19 46 7 38 44 36 15 95 50 4 31 12 92 54
TEST 13 ARG:7 60 75 48 74 43 30 28 68 56 5 62 31 11 21 92 64 94 50 66 72 17 55 36 81 20 73 71 37 52 46 54 18 24 70 95 59 98 41 65 27 12 15 77 69 76 53 49 0 26 45 42 89 35 79 34 10 44 47 25 82 51 63 19 2 58 67 87 90 8 1 38 3 29 97 33 99 86 80 91 78 22 83 16 32 84 61 14 6 88 23 4 40 96 85 9 57 39 13 93
TEST 14 ARG:44 39 13 22 59 26 10 45 89 94 72 46 37 43 71 18 62 86 81 57 82 2 67 17 95 36 65 23 83 68 3 0 63 54 28 92 9 51 53 80 93 7 24 66 6 31 21 38 41 74 64 49 84 25 85 40 47 35 88 70 61 77 75 42 98 56 97 58 5 14 15 1 8 90 55 4 50 79 52 29 99 96 32 19 27 33 12 69 16 73 60 34 87 48 76 30 20 91 78 11
TEST 15 ARG:87 25 43 80 77 15 97 23 37 36 82 0 28 63 21 85 58 8 26 44 98 96 1 17 18 24 84 73 90 3 14 61 57 55 29 65 62 46 12 9 69 78 99 42 68 71 30 83 64 2 53 54 35 38 10 45 67 34 93 27 60 39 59 31 6 7 19 92 86 16 95 48 70 22 89 56 72 75 66 4 41 74 47 49 32 50 91 13 20 76 11 33 40 94 52 81 88 5 79 51
TEST 16 ARG:78 20 61 93 25 39 36 49 74 43 23 64 4 24 30 50 35 37 0 18 87 13 53 94 85 6 12 60 56 83 55 97 99 76 15 59 51 68 29 92 41 28 32 21 75 42 77 31 33 67 66 34 96 38 16 90 11 70 46 62 82 95 47 84 40 45 9 80 44 48 81 71 54 86 98 2 1 91 27 89 72 73 7 14 88 3 79 19 58 69 52 10 63 65 5 57 8 22 17 26
TEST 17 ARG:51 33 41 6 78 55 13 7 29 21 10 74 88 71 89 25 81 28 48 63 44 23 93 54 58 11 40 95 49 85 22 3 62 9 91 46 90 8 84 59 80 36 68 5 53 45 67 12 2 52 14 97 0 24 15 39 38 1 94 50 57 75 16 37 17 92 72 26 20 99 83 65 27 35 18 34 32 70 73 64 61 47 86 76 69 4 31 77 98 96 66 42 87 19 60 79 82 56 43 30
TEST 18 ARG:23 7 78 34 21 17 39 62 27 26 72 99 86 50 4 58 15 46 55 31 65 56 53 81 73 9 40 18 11 93 42 79 41 37 47 67 14 83 54 38 10 85 8 36 33 25 68 6 90 74 82 66 94 76 30 64 96 13 80 12 32 57 52 28 19 88 69 20 71 24 60 1 3 92 77 51 89 45 29 61 16 35 43 2 48 5 63 49 0 22 91 70 84 44 59 87 95 97 75 98
TEST 19 ARG:50 37 5 54 26 61 63 23 7 95 93 89 42 0 22 1 83 4 20 35 12 29 94 53 32 75 2 11 67 64 62 10 78 38 90 46 82 96 40 41 73 43 34 68 18 49 44 56 97 45 17 88 98 19 14 85 87 60 72 9 65 8 36 81 24 84 80 6 71 55 39 13 21 15 74 91 30 92 51 70 52 77 25 47 69 66 28 3 76 16 59 57 27 99 58 48 79 31 86 33
